1111111111111111111111111111111111111111111111111111111111111111111111111111111111111111
1001110011100111001110011100111001100100001111111111111111111111111111111111111111111111
1001110011100111001110011100111001100100001111111111111111111111111111111111111111111111
1001110011100111001110011100111000000100001111111111111111111111111111111111111111111111
1001110011100111001110011100111001100100001111111111111111111111111111111111111111111111
1001110011100111001110011100111001100100001111111111111111111111111111111111111111111111
1001110011100111001110011100111001100100001111111111111111111111111111111111111111111111
1001110011100111001110011100111001100100001111111111111111111111111111111111111111111111
1001110011100111001110011100111001100100001111111111111111111111111111111111111111111111
1001110011100111001110011100111001100100001111111111111111111111111111111111111111111111
1001110011100111001110011100111000000100001111111111111111111111111111111111111111111111
1000000000000000000000000000000000000100001111111111111111111111111111111111111111111111
1000000000000000000000000000000000000100001111111111111111111111111111111111111111111111
1001110011100111001110011100111000000111111111111111111111111111111111111111111111111111
1001110011100111001110011100111000000100001111111111111111111111111111111111111111111111
1001110011100111001110011100111000000100001111111111111111111111111111111111111111111111
1001110011100111001110011100111000000000001111111111111111111111111111111111111111111111
1001110011100111001110011100111000000100001111111111111111111111111111111111111111111111
1111111111111111111111111111111111111100001111111111111111111111111111111111111111111111
1111111111111111111111111111111111111100001111111111111111111111111111111111111111111111
1111111111111111111111111111111111111100001111111111111111111111111111111111111111111111
1110000000000000000000000000000001111100001111111111111111111111111111111111111111111111
1110000000000000000000000000000000111100001111111111111111111111111111111111111111111111
1110000000000000000000000000000000011100001111111111111111111111111111111111111111111111
1110000011111000000000011111000000011100001111111111111111111111111111111111111111111111
1110000111111100000000111111100000011100001111111111111111111111111111111111111111111111
1110001111111110000001111111110000011100001111111111111111111111111111111111111111111111
1110011111111111000011111111111000011100001111111111111111111111111111111111111111111111
1110011111111111100011111111111100011100001111111111111111111111111111111111111111111111
1110011111111111110011111111111110011100001111111111111111111111111111111111111111111111
1110011111111111100011111111111100011100001111111111111111111111111111111111111111111111
1110011111111111000011111111111000011100001111111111111111111111111111111111111111111111
1110001111111110000001111111110000011100001111111111111111111111111111111111111111111111
1110000111111100000000111111100000011100001111111111111111111111111111111111111111111111
1110000011111000000000011111000000011100001111111111111111111111111111111111111111111111
1110000000000000000000000000000000011100001111111111111111111111111111111111111111111111
1110000000000000000000000000000000011100001111111111111111111111111111111111111111111111
1110000000000000000000000000000000011100001111111111111111111111111111111111111111111111
1110000000000000000000000000000000011100001111111111111111111111111111111111111111111111
1110000000111110000000000111110000011100001111111111111111111111111111111111111111111111
1110000001111111000000001111111000011100001111111111111111111111111111111111111111111111
1110000011111111100000011111111100011100001111111111111111111111111111111111111111111111
1110000111111111110000111111111110011100001111111111111111111111111111111111111111111111
1110001111111111110001111111111110011100001111111111111111111111111111111111111111111111
1110011111111111110011111111111110011100001111111111111110000000000000001111111110011111
1110001111111111110001111111111110011100001111111111111110000000000000001111111110011111
1110000111111111110000111111111110011100001111111111111110001111111111001111111110011111
1110000011111111100000011111111100011100001111111111111110001111111111001100001110000111
1110000001111111000000001111111000011100001111111111111110001111111111001100001110000111
1110000000111110000000000111110000011100001111111111111110001110000000001100001110000111
1110000000000000000000000000000000011100001111111111111110001110000000001100001110000111
1110000000000000000000000000000000011000001111111111111110001110000000001100000000000111
1110000000000000000000000000000000000000001111111111111110001110000000001100000000000111
1111111111111110000000000000000000000000001111111111111110001110000000001111100000011111
1111111111111110000000000000000001100000001111111111111110001110000000001111100000011111
1111111111111111101111111111111111000000001111111111111110001110000000001111100000011111
1000000000000010000100000000000000000000001000000000000010001110000000001111110000111111
1000000000000010000100000000000000000000001000000000000010001111111110001111100000011111
1000000000000010000000000000000000000000001000000000000010001111111111111111100000011111
1000111111111110001100000000000000000000001000000100000010001111111111111111100000011111
1000111111111110001100000000000000000000001000001110000010000000000000001110000000000111
1000000000000000001100000000000000000000001000011011000010000000000000001110000000000111
1000000000000000001100000000000000000000001000010001100011011111111111111110000000000111
1000000000000000001100000000000000000000001111110001111110000000000000001000000000000001
1111111111111111101111111111111111000000001000000000000010000000000000001000000000000111
1111111111111110000000000000000001100000001000000000000010000000000000001000000000000111
1111111111111110000000000000000000000000001000000000000000000000000000000000000000000111
1110000000000000000000000000000000000000001000000000000010000000000000001000000000011111
1110000000000000000000000000000000011000000000000000000010000000000000001001111100011111
1110000000000000000000000000000000011100001000000000000010000000000000001001111100011111
1110000000111110000000000111110000011100001000000000000010000000000000001111111100111111
1110000001111111000000001111111000011100001001111111111110000000000000001100000000000001
1110000011111111100000011111111100011100001000000000000011110011111110001100000000000001
1110000111111111110000111111111110011100001000000000000010010011111110001101100000011001
1110001111111111110001111111111110011100001000000000000010010010010010001001100000011001
1110011111111111110011111111111110011100001000000000000010010010010010001001100000011001
1110001111111111110001111111111110011100001110111111110110010010010010001001100000011111
1110000111111111110000111111111110011100001000010001000010010010010010001111100000011111
1110000011111111100000011111111100011100001000010001000010010010010010001111110000111111
1110000001111111000000001111111000011100001000010001000010010010010010001111110000111111
1110000000111110000000000111110000011100001000010001000010010010010010001111110000111111
1110000000000000000000000000000000011100001000010001000010010011111110001111100000011111
1110000000000000000000000000000000011100001000010001000010010011111110001111100000011111
1110000000000000000000000000000000011100001000010001000010010010000010001110000000000111
1110000000000000000000000000000000011100001000010001000010010010000010001110000000000111
1110000011111000000000011111000000011100001000011111000010010010000010001110000000000111
1110000111111100000000111111100000011100001000000100000010010010000010001110000000000111
1110001111111110000001111111110000011100001000000100000010010010000010001110000000000111
1110011111111111000011111111111000011100001000000100000010010010000010001110000000000111
1110011111111111100011111111111100011100001000000100000010000010000010001110000000000111
1110011111111111110011111111111110011100001000000100000010000010000010001111100000011111
1110011111111111100011111111111100011100001000000100000010000010000010001111100000011111
1110011111111111000011111111111000011100001000000100000010000010000010001111110000111111
1110001111111110000001111111110000011100001111111111111111111111111111011111110000111111
1110000111111100000000111111100000011100001111111111111110000000000000001111110000111111
1110000011111000000000011111000000011100001111111111111110000000000000001111100000011111
1110000000000000000000000000000000011100001111111111111110000000000000001111100000011111
1110000000000000000000000000000000111100001111111111111110000111111000001110000000000111
1110000000000000000000000000000001111100001111111111111110001111111100001110000000000111
1111111111111111111111111111111111111100001111111111111110011111111110001110000000000111
1111111111111111111111111111111111111100001111111111111110011100001110001110000000000111
1111111111111111111111111111111111111111011111111111111110011100001110001110000000000111
1001110011100111001110011100111001110000001111111111111110011101101110001110000000000111
1001110011100111001110011100111001110000001111111111111110011101101110001111100000011111
1001110011100111001110011100111001110000001111111111111110011101101110001111100000011111
1001110011100111001110011100111001110000001111111111111110011101101110001111110000111111
1001110011100111001110011100111001110000001111111111111110011101101110001111110000111111
1001110011100111001110011100111001110000001111111111111110011101101110001111110000111111
1001110011100111001110011100111001110000001111111111111110011101101110001111100000011111
1001110011100111001110011100111001110000001111111111111110011101101110001111100000011111
1001110011100111001110011100111001110000001111111111111110011101101110001110000000000111
1001110011100111001110011100111001110000001111111111111110011101101110001110000000000111
1001110011100111001110011100111001110000001111111111111110011100001110001110000000000111
1000000000000000000000000000000000000001101111111111111110000000000000001110000000000111
1000000000000000000000000000000000000001101111111111111110000000000000001110000000000111
1001110011100111001110011100111001110001101111111111111111110000000000001110000000000111
1001110011100111001110011100111001110111101111111111111111110000000000001111110000111111
1001110011100111001110011100111001110111101111111111111110000000000000001111110011111111
1001110011100111001110011100111001110111101111111111111110000000000000001111110011111111
1111111111111111111111111111111111111111111111111111111111111111111111111111111111111111
